28
71
69
9
40
24
42
58
52
8
13
68
79
1
48
12
19
35
30
20
74
81
59
6
27
34
66
3
29
10
32
63
60
38
50
4
77
26
25
51
44
49
76
36
75
15
78
31
56
16
47
53
62
55
33
61
14
70
37
72
64
41
17
21
43
11
67
46
39
28
71
69
9
40
24
42
58
52
8
13
68
79
1
48
12
19
35
30
20
74
81
59
6
27
34
66
3
29
10
32
63
60
38
50
4
77
26
25
51
44
49
76
36
75
15
78
31
56
16
47
53
62
55
33
61
14
70
37
72
64
41
17
21
43
11
67
46
39
28
71
69
9
40
24
42
58
52
8
13
68
79
1
48
12
19
35
30
20
74
81
59
6
27
34
66
3
29
10
32
63
60
38
50
4
77
26
25
51
44
49
76
36
75
15
78
31
56
16
47
53
62
55
33
61
14
70
37
72
64
41
17
21
43
11
67
46
39
